113 49 1 
111 65 1 
74 86 1 
68 94 1 
26 64 1 
31 88 1 
43 58 1 
113 9 1 
31 99 1 
35 78 1 
122 70 1 
122 133 1 
75 9 1 
38 8 1 
135 64 1 
55 97 1 
34 62 1 
42 52 1 
124 97 1 
35 36 1 
100 45 1 
17 23 1 
27 85 1 
123 43 1 
108 86 1 
145 55 1 
46 56 1 
41 73 1 
25 37 1 
109 125 1 
102 21 1 
100 94 1 
55 56 1 
112 87 1 
24 41 1 
23 51 1 
107 84 1 
10 39 1 
109 117 1 
102 140 1 
105 144 1 
110 4 1 
126 76 1 
8 99 1 
45 68 1 
110 83 1 
127 140 1 
136 31 1 
65 91 1 
11 134 1 
13 18 1 
1 99 1 
6 99 1 
77 94 1 
134 19 1 
107 4 1 
110 32 1 
13 141 1 
128 59 1 
105 114 1 
33 65 1 
36 99 1 
68 79 1 
108 31 1 
33 35 1 
36 76 1 
115 61 1 
109 126 1 
52 73 1 
6 86 1 
106 4 1 
134 25 1 
104 30 1 
4 8 1 
14 43 0 
68 88 0 
127 75 0 
66 68 0 
65 98 0 
25 65 0 
45 8 0 
118 55 0 
141 57 0 
52 66 0 
130 66 0 
65 73 0 
57 83 0 
104 68 0 
47 96 0 
25 4 0 
52 81 0 
46 52 0 
106 21 0 
120 68 0 
129 14 0 
25 52 0 
112 125 0 
36 38 0 
101 93 0 
111 62 0 
117 84 0 
100 59 0 
104 31 0 
106 33 0 
62 99 0 
58 80 0 
40 51 0 
136 144 0 
126 144 0 
33 76 0 
112 30 0 
3 38 0 
144 38 0 
44 94 0 
38 99 0 
112 78 0 
53 80 0 
109 117 0 
