34 3
0 0.59046394 -1.047699 0.19083485
33 -0.5300984 -1.046798 0.5423665
2 0.36322308 -0.8879409 0.45795855
32 -0.6153063 -1.0572382 0.46385378
1 0.61984694 -0.8706605 0.48297203
3 0.7376556 -0.90308535 0.43161696
8 -0.10640132 -1.0191265 0.32791576
13 0.5889882 -0.82538825 0.5506935
7 0.70440865 -0.91546375 0.35714996
6 0.7834002 -1.4195193 -0.34678182
31 -0.25145376 -0.774119 1.0003618
23 -0.3516604 -0.8177601 0.95061815
5 0.8290767 -1.3905172 -0.33626693
29 -0.719744 -0.98515946 0.79116297
30 -0.22191101 -1.0218498 0.32714546
10 0.9806359 -1.1872724 -0.027573392
4 0.8408937 -1.1993325 -0.056855448
27 -0.19125196 -0.6799389 1.2384337
25 -0.22292356 -0.5876309 1.6010929
24 -0.3430238 -0.6785926 1.3329967
28 -0.20239122 -0.9298668 0.56776845
16 0.87380904 -1.5065781 -0.51146525
19 0.22074556 -0.95264226 0.37750986
26 -0.49229464 -0.83473194 0.9698941
21 0.53023213 -0.9484285 0.31319922
12 0.8992772 -0.9237364 0.33493787
17 0.5647775 -1.0546768 0.15562062
20 -0.45440087 -0.89084053 0.7714139
15 -0.6267503 -0.9400191 0.7709528
14 -0.6975598 -1.0152701 0.61454874
18 -0.5289985 -0.9617594 0.6718928
22 -0.4616957 -0.8998021 0.7184331
9 -0.29302034 -1.0230991 0.39625034
11 0.60610235 -1.033521 0.15597561
