34 2
0 1.0488385 0.9456015
33 -0.26230382 1.4029036
32 -0.20222178 1.3665295
2 0.59629977 1.0176119
3 1.0140679 0.9137401
1 0.7633047 0.97230124
13 0.6980809 0.9807991
7 0.79582286 0.9494905
8 0.20510557 1.1371843
6 1.444124 0.86566526
29 -0.2566733 1.4534173
5 1.1625804 0.9110549
31 -0.021024676 1.2837876
23 -0.2930608 1.4149265
10 1.3047215 0.90569305
4 1.2436334 0.88164586
30 -0.10098191 1.2759235
27 0.1061902213 1.2085269
24 -0.15528222 1.3733002
25 -0.0686798 1.3345166
16 1.3330929 0.87760806
28 0.1409164 1.1572902
19 0.44604135 1.0601805
26 -0.01577114 1.2953025
12 0.9643271 0.9367681
20 -0.22324117 1.3863672
18 -0.06058853 1.3165607
14 -0.00432524 1.2838079
22 -0.15484735 1.3493588
15 0.003551176 1.2657511
17 0.8842829 0.9723421
21 0.6321317 0.9813898
9 0.23382863 1.1719428
11 0.55309147 1.0627934
